"milho","mandioca","feijao","leite"
13.8954505480414,14.1802352919185,13.9048586774068,13.5121116292792
12.4213757727719,11.3657487939023,12.7862985212797,11.8869344598075
10.0808858895249,9.60696564052117,10.104373211219,10.0315879581464
8.20669181239763,8.77435184496967,7.84328811355822,8.3009847294027
7.8163544267481,7.98443248014714,7.77620633590944,7.81893185812938
7.71656317270316,7.80065220340147,7.70247672531888,7.70663938949508
7.61793948658543,7.668467771953,7.63004422556163,7.65837262910868
6.81737505150332,7.49915968397484,7.21339236642311,7.31782210534265
6.68342450613458,6.98298830238452,6.46990538763991,7.0539382430684
6.31272757980784,5.88800968705204,6.23261749267751,6.1977327635507
5.40028878496547,5.60489336068565,5.38499717624682,5.42450699540745
4.55556722530707,4.49490542021566,4.46711692652805,4.60436535817192
2.47535574350915,2.14918951887407,2.48442484023081,2.48607188109001
